84 53 Volkswagen 5 90259
1816 28 BMW 2 20206
4032 66 Aston_Martin 3 68363
84 69 Chevrolet 3 29812
1816 29 Volkswagen 1 35348
4032 52 Kia 4 20949
84 66 Maserati 3 46596
1816 53 Ford 5 81922
4032 17 Chevrolet 3 39605
84 77 Mitsubishi 2 68367
1816 31 Mazda 4 67365
4032 67 Chevrolet 1 25073
84 50 Cadillac 4 62622
1816 20 Ferrari 4 85816
4032 27 Plymouth 5 72707
84 71 Infiniti 3 60725
1816 22 Buick 4 42281
4032 78 Chevrolet 1 47785
84 18 Nissan 2 77641
1816 60 Lexus 5 47126
4032 64 Dodge 2 19102
84 10 Volvo 3 38672
1816 23 Ford 3 72147
4032 25 Mitsubishi 1 94932
84 54 Mazda 4 66817
1816 21 Buick 3 35224
4032 50 GMC 5 50033
84 13 Volkswagen 3 55011
1816 34 Pontiac 2 53023
4032 53 Honda 4 54114
84 54 Pontiac 1 55759
1816 74 BMW 4 42061
4032 21 Suzuki 4 48750
84 4 Chevrolet 5 12522
1816 18 Hyundai 3 97959
4032 34 Porsche 4 25289
84 38 Audi 1 59761
1816 37 Ford 2 52385
4032 64 Pontiac 5 86195
84 75 Volvo 2 78665
1816 27 Cadillac 3 85833
4032 18 Dodge 3 32685
84 46 Subaru 1 98000
1816 47 Land_Rover 4 50506
4032 6 Mazda 3 90630
84 42 Ford 5 44654
1816 19 Volkswagen 3 23489
4032 3 Mercedes-Benz 2 25777
84 67 Studebaker 4 38461
1816 7 Oldsmobile 1 54995
4032 39 Dodge 4 21575
84 5 Nissan 4 20941
1816 13 Mitsubishi 5 45614
4032 37 Mercury 3 49720
84 72 Honda 4 69203
1816 74 Mazda 1 79541
4032 31 Volkswagen 2 79634
84 76 Ford 5 11922
1816 61 Nissan 2 21467
4032 67 Chevrolet 3 85390
84 40 Pontiac 3 69588
1816 49 Chevrolet 1 29758
4032 65 GMC 4 90542
84 63 Cadillac 3 98109
1816 66 Toyota 5 66967
4032 34 BMW 3 81287
84 55 Toyota 2 57156
1816 63 Alfa_Romeo 4 77228
4032 66 Chevrolet 1 25601
84 13 Isuzu 4 63829
1816 29 Mercury 4 71140
4032 80 Chevrolet 5 68259
84 52 Nissan 3 91923
1816 28 Mitsubishi 4 10307
4032 47 Shelby 1 13860
84 63 Mercury 2 48361
1816 38 Saturn 5 97636
4032 29 Pontiac 2 87864
84 4 Ford 3 48870
1816 67 Jeep 3 62612
4032 31 Hyundai 1 60658
84 21 Hyundai 4 11766
1816 9 Mazda 3 40152
4032 70 Toyota 5 97194
84 44 Subaru 3 93856
1816 30 Buick 2 31574
4032 16 Infiniti 4 36297
84 45 Volkswagen 1 24948
1816 65 Land_Rover 4 38093
4032 51 Buick 4 55700
84 66 Chevrolet 5 39428
1816 62 Ford 3 39916
4032 38 Nissan 4 40773
84 30 Lexus 1 64016
1816 20 Mazda 2 23111
4032 41 Volvo 5 51629
84 71 Porsche 2 98521
1816 71 Buick 3 55698
4032 63 Chevrolet 3 94424
84 80 Cadillac 1 81448
